hep	krs	poh	seu	sip	sul	vil
147P	4	39	87	111	1171	25
57	18	114	94	113	68	110
125P	188	166	191	181	117	26
123	018P	1142	I8	111P	62	27
125	3	1141	81	174	63	28
1259	5	176	83	1741	71	281
147	6	1761	85	1742	75	282
148	10	1762	90	1743	76	29
149	11	1763	92	L39	78	30
155	15	1764	97	L32	107	36
156	22	1765	971	L33	1341	361
168	23	177	103	L34	1342	171
38	24	1771	140		L07	173
39	1310	1772	L01		L08	KL1
391	1311	1773	L02		L09	KL2
392	1312	1774	L03		L10	KL3
393	1313	1775	L04		L11	1441
44	1314	1776	L05		134	L24
54	1315	201	L06			L25
55	1316	202	L38			L26
551	1317	341	136			L27
122	1318					L28
1221	1319					L29
1222	178					L30
1251	1780					L31
1252	1781					
1253	1782					
1601	1783					
1602	1784					
1603	1785					
1604	1786					
1605	1787					
1606	1788					
1611	1789					
1612	179					
1613	1790					
1614	1791					
1615	1792					
1616	1793					
1617	1794					
1618	1795					
1619	1796					
162	1797					
1621	1798					
1622	1799					
K1	187					
K2	197					
K3	198					
	199					
	3001					
	3002					
	3003					
	3004					
	3005					
	L12
	L13
	L14
	L15
	L17
	L18
	L19
	L20
	L21
	L22
	L23
	129
	132
	133
	165
	48